Case number: 0
Behaviors:
[1, 5, 2, 4, 3]

Level, Start Time (sec), End Time (sec), Duration (sec) 
1532646401.931, 1532646406.38, 1532646410.08, 3.69890904427
2, 1532646415.34, 1532646421.36, 6.01760601997
3, 1532646428.64, 1532646440.37, 11.7329061031
4, 1532646448.87, 1532646455.83, 6.95636200905
5, 1532646461.94, 1532646489.6, 27.6653320789
6, 1532646500.3, 1532646507.25, 6.94255685806

dance, joke, compliment, dance with music, encouragement, 
0, 0, 0, 0, 0, 1, 1532646523.11, 1532646531.25, 8.14096713066
3, 1532646539.88, 1532646551.88, 11.9995129108
4, 1532646557.88, 1532646564.9, 7.016726017
5, 1532646571.07, 1532646581.54, 10.4707119465
6, 1532646587.86, 1532646592.76, 4.90186500549
