Case number: 1
Behaviors:
[[5, 1, 4, 3, 2], [9, 7, 10, 6, 8]]

Level, Start Time (sec), End Time (sec), Duration (sec) 
1532974660.81, 1532974668.5, 1532974673.12, 4.6250140667
1, 1532974680.44, 1532974685.9, 5.45214009285
2, 1532974691.89, 1532974698.74, 6.84884309769
3, 1532974707.43, 1532974714.69, 7.25524091721
4, 1532974722.71, 1532974727.22, 4.5031940937
5, 1532974733.39, 1532974738.23, 4.83346295357

dance with music2, compliment2, joke2, dance2, encouragement2, 
0, 2, 0, 0, 0, Case number: 0
1, 1532974755.98, 1532974763.72, 7.73970103264
2, 1532974769.85, 1532974776.46, 6.61337614059
3, 1532974782.31, 1532974787.4, 5.08386898041
4, 1532974793.42, 1532974801.39, 7.97423887253
5, 1532974809.41, 1532974814.63, 5.21549510956

joke, dance, dance with music, encouragement, compliment, 
0, 1, 0, 1, 0, 