Case number: 0
Behaviors:
[2, 5, 3, 4, 1]

Level, Start Time (sec), End Time (sec), Duration (sec) 
1532645083.771, 1532645088.97, 1532645092.69, 3.71407580376
2, 1532645097.95, 1532645105.89, 7.93487000465
3, 1532645114.98, 1532645123.93, 8.94767618179
4, 1532645132.42, 1532645138.78, 6.35811400414
5, 1532645143.04, 1532645152.23, 9.18666577339
6, 1532645156.12, 1532645161.1, 4.98239588737

compliment, joke, encouragement, dance with music, dance, 
0, 0, 0, 0, 0, 1, 1532645182.54, 1532645193.03, 10.4893100262
3, 1532645205.0, 1532645209.7, 4.7021510601
4, 1532645218.17, 1532645231.69, 13.5224180222
5, 1532645238.07, 1532645242.53, 4.4624838829
6, 1532645248.95, 1532645255.1, 6.15267419815

compliment2, dance with music2, joke2, dance2, encouragement2, 
0, 0, 0, 0, 0, 1, 1532645507.28, 