Case number: 0
Behaviors:
[[5, 2, 3, 4, 1], [10, 7, 9, 6, 8]]

Level, Start Time (sec), End Time (sec), Duration (sec) 
1532973329.381, 1532973333.77, 1532973338.54, 4.76756596565
2, 1532973364.32, 1532973371.52, 7.19935297966
3, 1532973381.39, 1532973389.96, 8.57334494591
4, 1532973396.65, 1532973407.91, 11.2586801052
5, 1532973423.05, 1532973433.85, 10.8072710037
6, 1532973446.87, 1532973451.35, 4.47967600822
Case number: 0
1, 1532973480.9, 1532973490.05, 9.15383720398
3, 1532973498.72, 1532973505.77, 7.05759596825
4, 1532973513.94, 1532973517.9, 3.95966315269
5, 1532973538.62, 1532973543.39, 4.77409911156
6, 1532973560.67, 1532973603.61, 42.9429619312

joke2, compliment2, dance with music2, dance2, encouragement2, 
0, 0, 1, 0, 0, 